image: new_start.pgm
resolution: 0.050000
origin: [-6.838854, -4.341010, 0.000000]
negate: 0
occupied_thresh: 0.65
free_thresh: 0.196

